# Needed to calculate a lot of numbers quickly so made this real fast.
list = [
53870592,
8192838,
645382,
38343,
233395,
4491,
11151,
323806,
1414494,
21768949,
4598240,
46852,
54691,
54691,
117844,
130116,
37365627,
23224400,
26770971,
172004,
9914177,
2895153,
7637894,
385035879,
36506,
422052,
20201581,
9715072,
3087419,
64212,
64212,
13844,
1287083,
40116,
9606375,
4867,
3039,
2818605,
727229,
13306437,
17863125,
47362,
210518,
15157,
15095350,
7212,
1340074,
897868,
603810,
21544785,
415284,
5982,
10182418,
993231,
992116,
807920,
9562913,
5840155,
155208,
48230,
141338,
6168123,
2613429,
27596,
4770610,
1367891,
47461,
1416329,
3889694,
4699825,
373372,
31526142,
5434,
20795953,
55796268,
5039692,
587312,
4251607,
50313,
58852,
3636741,
160682,
203646,
50313,
3184022,
1646052,
551,
3693891,
837510,
37981898,
17890,
322,
5173743,
421980,
4392530,
159468,
51457,
11644257,
153213,
17891,
20982,
3132173,
8180,
19529769,
187179,
2095104,
27772,
380261,
5220,
8298,
8298,
3155156,
383061,
113283,
5366,
1768065,
48452,
596609,
8408521,
408156,
248235,
380105,
193191,
2167011,
1963130,
373,
19890648,
1013790,
1624,
27534,
189346,
504775,
504775,
504775,
184632,
1684461,
472252,
342624,
2540093,
3845411,
328296,
145739,
322,
159314,
50398,
3150810,
80138,
1867776,
264255,
1761,
68546,
59072,
59072,
120788,
96719,
16606,
3195939,
10351,
28150660,
26590783,
89185,
1063479,
866444,
309852,
206839,
6184779,
1064215,
1064215,
14196,
246421,
257289,
9695957,
2589115,
134398,
851516,
181616,
20906814,
7143467,
791947,
50179078,
1545500,
5886051,
319837,
136475,
317775,
762,
16398128,
6961472,
377132,
2115154,
101732,
1202176,
11243762,
133549,
459,
2221412,
78795,
527,
16648,
658552,
720160,
10704419,
311,
547,
496168,
1983512,
124622,
412106,
374400,
33005,
9451,
51199,
191451,
1063188,
12744544,
776991,
882053,
32083,
904192,
1127772,
26356,
502267,
800164,
1309988,
617006,
2936644,
906899,
15748,
267,
33276,
2509400,
12706,
2150887,
2278524,
76048,
50422,
83821,
33131343,
83803,
131669,
1316580,
74832655,
3127108,
231059,
396716,
19284,
152469,
561704,
17856270,
2511612,
1039600,
1730052,
2813160,
22383846,
311,
141416,
1174660,
1047,
9435623,
6169504,
2149748,
2124372,
7072768,
2496544,
46679669,
191300,
3226136,
8664,
1235220,
28102004,
421420,
3952,
42466,
42466,
8697598,
4327,
65716,
212,
6948861,
115066,
483,
439,
211883,
6261,
455,
209,
298,
3275,
28388,
117472,
11682,
5304,
10369,
132363,
79243,
79027,
1774287,
13572,
510,
16221036,
26815,
8694,
265,
1338962,
13114815,
27501,
8922190,
108052,
2937118,
89745,
1608028,
141136,
2929573,
18721,
16989,
6324974,
17300575,
16702,
16702,
84601,
270336,
438,
438,
193403,
159923,
11708,
730160,
146739,
1068,
13271,
48858,
48857,
150767,
643643,
44810240,
2169785,
14159,
252,
8260071,
11755698,
76165,
12870361,
34004,
25668,
584608,
101271,
272841,
272841,
11644256,
410,
13841556,
13841556,
52043839,
69572,
2613,
28047,
79528,
311218,
4598240,
264531,
264531,
95303,
6426776,
32681984,
23031702,
70803,
206,
1429,
134612,
952634,
164985,
591552,
1586523,
718366,
15037121,
7141,
55698,
268960,
10045445,
15910,
1711,
193507,
7574538,
2648041,
879669,
4023877,
381,
18818,
386635,
6182188,
733722,
2332504,
6601867,
12466860,
706,
289573,
4305,
255,
787,
746392,
77212,
15782705,
64302,
76432,
2508,
25832,
25469,
3127,
6324,
454,
2412373,
2044984,
527566,
117810,
87448,
87448,
27648996,
2204685,
47659,
5510,
1057119,
150379,
168059,
17965804,
19792,
435553,
390885,
741481,
44621,
14788115,
4729,
143231,
12072,
7918415,
1847,
15520,
4958816,
215,
29568,
759996,
7874,
7684,
363,
658348,
23436,
5141609,
49624,
124244,
1263108,
42559576,
11132475,
12155,
34988,
20752,
12374298,
21545854,
990576,
38143,
1325839,
9268040,
258899,
15976134,
444728,
36688,
404380,
1411,
1972518,
364706,
3997,
19891576,
16327262,
4812,
5574,
6331276,
20710094,
42660,
1155280,
162196,
587,
135596,
3553324,
40076,
1640752,
3796488,
485693,
9101814,
2962855,
771744,
11254092,
8280,
215,
3234795,
730897,
806588,
177480,
24712014,
12193662,
460100,
46481,
]
i = 0
for x in list:
	i = i + x

print i
